 10001.01m  233.025921 0.00000E+00  04/22/87 

      0   0.000000      0   0.000000      0   0.000000      0   0.000000
      0   0.000000      0   0.000000      0   0.000000      0   0.000000
      0   0.000000      0   0.000000      0   0.000000      0   0.000000
      0   0.000000      0   0.000000      0   0.000000      0   0.000000
       20    10001        0        0        2        0        1        0
        0        1        0        1        0        0        0        0
        1        5        7        9       11       13        0        0
        0        0        0        0       15        0        0       19
       20        0        0        0        0        0        0        0
        0        0        0        0        0        0        0        0
  1.526010721777E-01  4.415803455873E-03  2.875389305318E-01  8.831606911745E-03
  2.411000000000E-01  4.172000000000E-01  8.344100000000E-04  3.277600000000E-04
  1.001729987689E+00  1.001729987689E+00  1.000000000000E+00  0.000000000000E+00
  3.067590000000E-03  9.872240000000E-03                  16  2.336000000000E-01
  3.598000000000E-03  4.070000000000E-01  0.000000000000E+00  0.000000000000E+00

 10002.01m  233.025921 0.00000E+00  04/22/87 

      0   0.000000      0   0.000000      0   0.000000      0   0.000000
      0   0.000000      0   0.000000      0   0.000000      0   0.000000
      0   0.000000      0   0.000000      0   0.000000      0   0.000000
      0   0.000000      0   0.000000      0   0.000000      0   0.000000
       20    10002        0        0        2        0        1        0
        0        1        0        1        0        0        0        0
        1        5        7        9       11       13        0        0
        0        0        0        0       15        0        0       19
       20        0        0        0        0        0        0        0
        0        0        0        0        0        0        0        0
  1.526010721777E-01  4.415803455873E-03  2.875389305318E-01  8.831606911745E-03
  1.849000000000E-01  3.668000000000E-01  7.451800000000E-03  1.106100000000E-02
  1.001729987689E+00  1.001729987689E+00  1.000000000000E+00  0.000000000000E+00
 -2.336800000000E-03  2.039000000000E-03                  16  1.777000000000E-01
  2.085000000000E-03  3.537000000000E-01  0.000000000000E+00  0.000000000000E+00

 10003.01m  233.025921 0.00000E+00  04/22/87 

      0   0.000000      0   0.000000      0   0.000000      0   0.000000
      0   0.000000      0   0.000000      0   0.000000      0   0.000000
      0   0.000000      0   0.000000      0   0.000000      0   0.000000
      0   0.000000      0   0.000000      0   0.000000      0   0.000000
       20    10003        0        0        2        0        1        0
        0        1        0        1        0        0        0        0
        1        5        7        9       11       13        0        0
        0        0        0        0       15        0        0       19
       20        0        0        0        0        0        0        0
        0        0        0        0        0        0        0        0
  1.526010721777E-01  4.415803455873E-03  2.875389305318E-01  8.831606911745E-03
  9.432000000000E-02  1.876000000000E-01  0.000000000000E+00  0.000000000000E+00
  1.001729987689E+00  1.001729987689E+00  1.000000000000E+00  0.000000000000E+00
  6.893000000000E-03  1.630000000000E-02                  16  8.571000000000E-02
  1.717000000000E-03  1.713000000000E-01  0.000000000000E+00  0.000000000000E+00

