datapath = .\
atomic weight ratios                                                            
  0001  1.000000      0001  1.000000                                            
  1000  0.99931697    1001  0.99916732   1002  1.99679966   1003  2.99013994    
  2000  3.96821760    2003  2.99012015   2004  3.96821894                       
  3000  6.88131188    3006  5.96344945   3007  6.95573316                       
  4000  8.93476310    4007  6.95665041   4009  8.93476310                       
  5000  10.7181562    5010  9.92692102   5011  10.9147302                       
  6000  11.9078563    6012  11.8969142   6013  12.8916497   6014  13.8829473    
  7000  13.8863986    7014  13.8827808   7015  14.8712507   7016  15.8686012    
  8000  15.8618629    8016  15.8575105   8017  16.8531007   8018  17.8445389    
                      8019  18.8403287                                          
  9000  18.8351977    9018  17.8463008   9019  18.8351977                       
 10000  20.0066900    10020  19.8206954   10021  20.8134994   10022  21.8024688 
 11000  22.7922764    11022  21.8054944   11023  22.7922764                     
 12000  24.0962596    12023  22.7965941   12024  23.7789987   12025  24.7711965 
                      12026  25.7593899   12027  26.7525321                     
 13000  26.7497539    13026  25.7636516   13027  26.7497539   13028  27.7415320 
 14000  27.8442403    14027  26.7548758   14028  27.7365911   14029  28.7275725 
                      14030  29.7162809   14031  30.7092698                     
 15000  30.7076818    15031  30.7076818                                         
 16000  31.7889394    16031  30.7134250   16032  31.6974150   16033  32.6882176 
                      16034  33.6760663   16035  34.6686311   16036  35.6581061 
                      16037  36.6535257                                         
 17000  35.1481816    17034  33.6819108   17035  34.6684532   17036  35.6593217 
                      17037  36.6483475   17038  37.6418469                     
 18000  39.6044909    18036  35.6585675   18037  36.6492133   18038  37.6366138 
                      18039  38.6295910   18040  39.6190868   18041  40.6125958 
                      18042  41.6025634   18043  42.5965747                     
 19000  38.7624279    19038  37.6429072   19039  38.6289896   19040  39.6206885 
                      19041  40.6099439   19042  41.6019256   19043  42.5916623 
                      19044  43.5839050   19045  44.5744654   19046  45.5671404 
 20000  39.7337331    20039  38.6359403   20040  39.6192930   20041  40.6103924 
                      20042  41.5981734   20043  42.5897301   20044  43.5778821 
                      20045  44.5699904   20046  45.5589282   20047  46.5511840 
                      20048  47.5405979   20049  48.5351202                     
 21000  44.5697171    21044  43.5817704   21045  44.5697171   21046  45.5603930 
                      21047  46.5490640   21048  47.5403019                     
 22000  47.4671267    22045  44.5719122   22046  45.5578740   22047  46.5484253 
                      22048  47.5360508   22049  48.5273847   22050  49.5157420 
                      22051  50.5089598                                         
 23000  50.5038596    23047  46.5515414   23048  47.5403213   23049  48.5280253 
                      23050  49.5180923   23051  50.5063302   23052  51.4985487 
                      23053  52.4895248   23054  53.4830182                     
 24000  51.5494654    24049  48.5308253   24050  49.5169887   24051  50.5071314 
                      24052  51.4943176   24053  52.4858678   24054  53.4755236 
                      24055  54.4688756   24056  55.4600879   24057  56.4545792 
 25000  54.4661050    25051  50.5105455   25052  51.4993323   25053  52.4865032 
                      25054  53.4769893   25055  54.4661050   25056  55.4583669 
                      25057  56.4491598   25058  57.4422538                     
 26000  55.3670672    26053  52.4904863   26054  53.4762473   26055  54.4663513 
                      26056  55.4544337   26057  56.4462959   26058  57.4356054 
                      26059  58.4286012   26060  59.4192140   26061  60.4132731 
 27000  58.4269353    27057  56.4471857   27058  57.4380612   27059  58.4269353 
                      27060  59.4189615   27061  60.4090397   27062  61.4020105 
                      27063  62.3929848   27064  63.3865737   27458  57.4380612                  
 28000  58.1891568    28057  56.4506599   28058  57.4376551   28059  58.4280768 
                      28060  59.4159560   28061  60.4076330   28062  61.3963541 
                      28063  62.3890764   28064  63.3787972   28065  64.3723069 
 29000  62.9997558    29062  61.4005562   29063  62.3890052   29064  63.3805800 
                      29065  64.3700323   29066  65.3625119                     
 30000  64.8345785    30064  63.3799641   30066  65.3597000   30067  66.3521942 
                      30068  67.3413400   30070  69.3246323                     
 31000  69.1241164    31069  68.3334766   31071  70.3154273                     
 32000  71.9677766    32070  69.3235670   32072  71.3042305   32073  72.2970113 
                      32074  73.2861593   32076  75.2692009                     
 33000  74.2779834    33072  71.3088668   33073  72.2973741   33074  73.2888865 
                      33075  74.2779834                                         
 34000  78.2812872    34074  73.2874465   34076  75.2670311   34077  76.2591351 
                      34078  77.2479619   34079  78.2405532   34080  79.2300000 
                      34082  81.2129957                                         
 35000  79.2171183    35079  78.2403907   35081  80.2211807                     
 36000  83.0801410    36078  77.2510122   36080  79.2298574   36082  81.2098079 
                      36083  82.2018631   36084  83.1906659   36085  84.1830890 
                      36086  85.1725963                                         
 37000  84.7335543    37085  84.1823557   37086  85.1731503   37087  86.1625913 
 38000  86.8639767    38084  83.1925676   38086  85.1712599   38087  86.1622897 
                      38088  87.1504623   38089  88.14369658  38090  89.1353883 
 39000  88.1421034    39086  85.1768370   39087  86.1642711   39088  87.1543179 
                      39089  88.1421034   39090  89.1348052   39091  90.1263654 
                      39092  91.1194042   39093  92.1114430                     
 40000  90.4399916    40088  87.1550345   40089  88.1451183   40090  89.1323785 
                      40091  90.1247212   40092  91.1155311   40093  92.1083638 
                      40094  93.0996148   40095  94.0927364   40096  95.0843769 
                      40097  96.0784384                                         
 41000  92.1082665    41091  90.1260552   41092  91.1176657   41093  92.1082665 
                      41094  93.1005742   41095  94.0915392   41096  95.0842028 
                      41097  96.0756094   41098  97.0692333   41100  99.0558700 
 42000  95.1071951    42090  89.1415317   42091  90.1307745   42092  91.1172862 
                      42093  92.1086974   42094  93.0983971   42095  94.0905541 
                      42096  95.0808110   42097  96.0735511   42098  97.0643527 
                      42099  98.0580462   42100  99.0492233   42101  100.043478 
 43000  96.0740000    43097  96.0738920   43098  97.0661450   43099  98.0566017 
 44000  100.201505    44096  95.0837047   44098  97.0642330   44099  98.0562891 
                      44100  99.0459938   44101  100.038754   44102  101.028942 
                      44103  102.022308   44104  103.012832   44105  104.006544 
                      44106  104.997534                                         
 45000  102.021496    45103  102.021496   45105  104.004501   45117  115.54464  
 46000  105.501169    46102  101.030189   46104  103.011449   46105  104.003898 
                      46106  104.993721   46107  106.905126   46108  106.976947 
                      46110  108.961014   46119  117.52551                      
 47000  106.941511    47106  104.996877   47107  105.986726   47108  106.978989 
                      47109  107.969211   47110  108.961963   47111  109.952567
                      47510  108.961963
 48000  111.445883    48106  104.996670   48108  106.977234   48110  108.958885 
                      48111  109.951461   48112  110.941458   48113  111.934497 
                      48114  112.924873   48115  113.918000   48116  114.909077
                      48515  113.918000
 49000  113.831545    49113  111.934160   49115  113.916798   49120  118.490609 
                      49125  118.490609                                         
 50000  117.691126    50112  110.943504   50113  111.935266   50114  112.924301 
                      50115  113.916270   50116  114.906092   50117  115.898700 
                      50118  116.888774   50119  117.881872   50120  118.872178 
                      50122  120.856230   50123  121.849905   50124  122.840868 
                      50125  123.834769   50126  124.826049                     
 51000  120.710837    51121  119.865195   51123  121.848409   51124  122.841528 
                      51125  123.832254   51126  124.825647                     
 52000  126.492160    52120  118.873986   52122  120.855841   52123  121.848465 
                      52124  122.838434   52125  123.831435   52126  124.821735 
                      52127  125.815000   52128  126.805700   52129  127.800000
                      52130  128.790265   52132  130.775368   52527  125.815000
                      52529  127.800000
 53000  125.814297    53127  125.814297   53129  127.797631   53130  128.790715 
                      53131  129.781580   53135  133.751107                     
 54000  130.165210    54123  121.852630   54124  122.841484   54126  124.822690 
                      54128  126.804777                                         
                      54129  127.797425   54130  128.787574   54131  129.780544 
                      54132  130.771034   54133  131.764182   54134  132.755082 
                      54135  133.748289   54136  134.739710                     
 55000  131.763724    55133  131.763724   55134  132.756390   55135  133.747064 
                      55136  134.739796   55137  135.730985                     
 56000  136.147201    56130  128.790352   56132  130.771927   56133  131.764278 
                      56134  132.754198   56135  133.746777   56136  134.737084 
                      56137  135.729734   56138  136.720568   56140  138.708703 
 57000  137.712181    57138  136.722418   57139  137.713075   57140  138.707585 
 58000  138.911205    58136  134.739635   58138  136.721306   58139  137.713374 
                      58140  138.703578   58141  139.697804   58142  140.690170 
                      58143  141.684698   58144  142.677358                     
 59000  139.697182    59141  139.697182   59142  140.690967   59143  141.683142 
 60000  143.003225    60142  140.688662   60143  141.682145   60144  142.673825 
                      60145  143.667699   60146  144.659647   60147  145.654015 
                      60148  146.646210   60150  148.632993                     
 61000  143.668000    61145  143.667873   61147  145.653061   61148  146.646785 
                      61149  147.639048   61151  149.624720   61548  146.646785                  
 62000  149.068569    62144  142.675721   62147  145.652823   62148  146.644158 
                      62149  147.637908   62150  148.629409   62151  149.623453 
                      62152  150.614664   62153  151.608422   62154  152.599939 
 63000  150.659117    63151  149.623371   63152  150.616659   63153  151.607558 
                      63154  152.600702   63155  153.592026   63156  154.585285 
                      63157  155.577357                                         
 64000  155.901247    64150  148.630781   64151  149.623865   64152  150.614723 
                      64153  151.608078   64154  152.598607   64155  153.591758 
                      64156  154.582673   64157  155.575903   64158  156.567456 
                      64160  158.553199                                         
 65000  157.560097    65159  157.560097   65160  158.553315                     
 66000  161.101597    66156  154.584813   66158  156.567757   66160  158.551358 
                      66161  159.544489   66162  160.535765   66163  161.529090 
                      66164  162.520940                                         
 67000  163.513487    67163  161.529093   67164  162.521990   67165  163.513487 
                      67166  164.506842   67566  164.506842                                      
 68000  165.818892    68162  160.537728   68164  162.520965   68166  164.504868 
                      68167  165.498018   68168  166.489747   68170  168.475632 
 69000  167.482984    69166  164.508103   69167  165.498814   69168  166.491534 
                      69169  167.482984   69170  168.475967   69171  169.467999 
                      69172  170.461362   69173  171.453965                     
 70000  171.547739    70168  166.491261   70170  168.474936   70171  169.467896 
                      70172  170.459360   70173  171.452583   70174  172.444639 
                      70176  174.431136                                         
 71000  173.463668    71173  171.453297   71174  172.446101   71175  173.437942 
                      71176  174.431249   71177  175.423722                     
 72000  176.953118    72174  172.445810   72175  173.438670   72176  174.429979 
                      72177  175.423192   72178  176.415075   72179  177.408583 
                      72180  178.400720   72181  179.394658   72183  181.381871 
 73000  179.393446    73179  177.408701   73180  178.401629   73181  179.393565 
                      73182  180.387112   73183  181.379732   73184  182.373755 
                      73186  184.361076                                         
 74000  182.269538    74179  177.409829   74180  178.400876   74181  179.393765 
                      74182  180.385182   74183  181.378593   74184  182.370704 
                      74185  183.364581   74186  184.356924   74187  185.351105 
                      74188  186.343832                                         
 75000  184.607099    75184  182.372283   75185  183.364120   75186  184.357543 
                      75187  185.349710   75188  186.343461                     
 76000  188.605524    76184  182.372249   76186  184.356404   76187  185.349707 
                      76188  186.341204   76189  187.334902   76190  188.326610 
                      76192  190.312436                                         
 77000  190.564824    77188  186.344194   77189  187.335469   77190  188.328738 
                      77191  189.320147   77192  190.313550   77193  191.305278 
                      77194  192.298821   77195  193.291124                     
 78000  193.404281    78190  188.328082   78192  190.311996   78193  191.305338 
                      78194  192.296430   78195  193.289932   78196  194.281501 
                      78197  195.275278   78198  196.267236   78199  197.261322 
 79000  195.274513    79193  191.306476   79194  192.299082   79195  193.290173 
                      79196  194.283103   79197  195.274513   79198  196.267582 
                      79199  197.259510   79200  198.252872                     
 80000  198.875905    80196  194.282373   80198  196.266121   80199  197.259028 
                      80200  198.250484   80201  199.243853   80202  200.235600 
                      80203  201.229221   80204  202.221244                     
 81000  202.627565    81202  200.237052   81203  201.228698   81204  202.221614 
                      81205  203.213582                                         
 82000  205.436797    82202  200.237105   82203  201.229735   82204  202.220801 
                      82205  203.213637   82206  204.205028   82207  205.197857 
                      82208  206.190015   82209  207.185826   82210  208.180307 
 83000  207.185140    83205  203.216519   83206  204.209027   83207  205.200409 
                      83208  206.193080   83209  207.185140   83210  208.180239 
 84000  207.205000    84205  203.220277   84206  204.210993   84207  205.203506 
                      84208  206.194571   84209  207.187155   84210  208.179002 
 85000  208.196000    85206  204.217074   85208  206.199876   85209  207.190866 
                      85210  208.183240   85215  213.151698                     
 86000  220.111000    86211  209.178074   86218  216.132812   86219  217.128077 
                      86220  218.121379   86222  220.110331                     
 87000  221.084000    87221  219.115626   87223  221.103883                     
 88000  224.084000    88222  220.108142   88223  221.102660   88224  222.095759 
                      88225  223.090542   88226  224.083734   88227  225.078880 
 89000  225.050000    89223  221.103283   89224  222.097253   89225  223.090162 
                      89226  224.084416   89227  225.077468   89228  226.072117 
 90000  230.044730    90227  225.077420   90228  226.069853   90229  227.064261 
                      90230  228.057030   90231  229.051583   90232  230.044730 
                      90233  231.039636   90234  232.033047                     
 91000  229.051000    91229  227.064591   91230  228.058424   91231  229.051168 
                      91232  230.045257   91233  231.038311                     
 92000  235.984128    92229  227.065987   92230  228.057824   92231  229.051575 
                      92232  230.043834   92233  231.037704   92234  232.030420 
                      92235  233.024781   92236  234.017816   92237  235.012360 
                      92238  236.005810   92239  237.000695   92240  237.994383 
                      92241  238.989510                                         
 93000  235.012000    93235  233.024913   93236  234.018805   93237  235.011808 
                      93238  236.005967   93239  236.999350                     
 94000  241.968000    94236  234.018298   94237  235.012043   94238  236.004592 
                      94239  236.998582   94240  237.991628   94241  238.986050 
                      94242  239.979334   94243  240.973976   94244  241.967567 
                      94245  242.962487   94246  243.956336                     
 95000  240.912000    95240  237.993096   95241  238.986027   95242  239.980134 
                      95243  240.973357   95244  241.967648   95642  239.980134
                      95644  241.967648  
 96000  244.878000    96241  238.986844   96242  239.979426   96243  240.973367 
                      96244  241.966128   96245  242.960254   96246  243.953380 
                      96247  244.947892   96248  245.941280   96249  246.936269 
                      96250  247.9300615                                        
 97000  244.878000    97245  242.961116   97246  243.954817   97247  244.947844 
                      97248  245.942011   97249  246.935305   97250  247.930022 
 98000  248.844000    98249  246.935173   98250  247.928122   98251  248.922684 
                      98252  249.916116   98253  250.911008   98254  251.904588 
 99000  251.818000    99240  238.006611   99241  238.997765   99242  239.990202 
                      99243  240.981544   99244  241.974280   99245  242.966035 
                      99246  243.959078   99247  244.951167   99248  245.944369 
                      99249  246.936717   99250  247.930357   99251  248.923084 
                      99252  249.917457   99253  250.910696   99254  251.905276 
                      99255  252.898917   99256  253.893623   99257  254.887399 
 100255  252.898614
 09/10/2012   
directory
 1001.30c 0.999167 EndfB7 0 2 1 8177 1024 512 2.5301E-08                       
 1002.30c 1.996800 EndfB7 0 2 18 10452 1024 512 2.5301E-08                     
 1003.30c 2.989596 EndfB7 0 2 40 11208 1024 512 2.5301E-08                     
 2003.30c 2.989032 EndfB7 0 2 63 9679 1024 512 2.5301E-08                      
 2004.30c 3.968219 EndfB7 0 2 83 5524 1024 512 2.5301E-08                      
 3006.30c 5.963400 EndfB7 0 2 95 35859 1024 512 2.5301E-08                     
 3007.30c 6.955732 EndfB7 0 2 167 19687 1024 512 2.5301E-08                    
 4007.30c 6.954500 EndfB7 0 2 207 32760 1024 512 2.5301E-08                    
 4009.30c 8.934780 EndfB7 0 2 272 579815 1024 512 2.5301E-08                   
 5010.30c 9.926921 EndfB7 0 2 1406 54514 1024 512 2.5301E-08                   
 5011.30c 10.914700 EndfB7 0 2 1514 150161 1024 512 2.5301E-08                 
 6000.30c 11.898000 EndfB7 0 2 1809 79358 1024 512 2.5301E-08                  
 7014.30c 13.882780 EndfB7 0 2 1965 145379 1024 512 2.5301E-08                 
 7015.30c 14.871000 EndfB7 0 2 2250 31819 1024 512 2.5301E-08                  
 8016.30c 15.857510 EndfB7 0 2 2314 408681 1024 512 2.5301E-08                 
 8017.30c 16.853100 EndfB7 0 2 3114 8169 1024 512 2.5301E-08                   
 9019.30c 18.835000 EndfB7 0 2 3131 130477 1024 512 2.5301E-08                 
 11022.30c 21.805500 EndfB7 0 2 3387 18407 1024 512 2.5301E-08 ptable          
 11023.30c 22.792000 EndfB7 0 2 3424 71674 1024 512 2.5301E-08                 
 12024.30c 23.779000 EndfB7 0 2 3565 49199 1024 512 2.5301E-08                 
 12025.30c 24.771200 EndfB7 0 2 3663 47134 1024 512 2.5301E-08                 
 12026.30c 25.759400 EndfB7 0 2 3757 37892 1024 512 2.5301E-08                 
 13027.30c 26.749750 EndfB7 0 2 3833 235689 1024 512 2.5301E-08                
 14028.30c 27.737000 EndfB7 0 2 4295 270861 1024 512 2.5301E-08                
 14029.30c 28.728000 EndfB7 0 2 4826 253907 1024 512 2.5301E-08                
 14030.30c 29.716000 EndfB7 0 2 5323 199479 1024 512 2.5301E-08                
 15031.30c 30.708000 EndfB7 0 2 5714 71942 1024 512 2.5301E-08                 
 16032.30c 31.697300 EndfB7 0 2 5856 136765 1024 512 2.5301E-08                
 16033.30c 32.687800 EndfB7 0 2 6125 56789 1024 512 2.5301E-08                 
 16034.30c 33.676200 EndfB7 0 2 6237 40845 1024 512 2.5301E-08                 
 16036.30c 35.658000 EndfB7 0 2 6318 28871 1024 512 2.5301E-08                 
 17035.30c 34.668450 EndfB7 0 2 6376 715868 1024 512 2.5301E-08                
 17037.30c 36.648300 EndfB7 0 2 7776 211102 1024 512 2.5301E-08                
 18036.30c 35.658500 EndfB7 0 2 8190 17731 1024 512 2.5301E-08 ptable          
 18038.30c 37.636600 EndfB7 0 2 8226 15753 1024 512 2.5301E-08 ptable          
 18040.30c 39.619100 EndfB7 0 2 8258 206449 1024 512 2.5301E-08                
 19039.30c 38.629300 EndfB7 0 2 8663 90327 1024 512 2.5301E-08                 
 19040.30c 39.620700 EndfB7 0 2 8841 39638 1024 512 2.5301E-08                 
 19041.30c 40.610100 EndfB7 0 2 8920 69260 1024 512 2.5301E-08                 
 20040.30c 39.619300 EndfB7 0 2 9057 389582 1024 512 2.5301E-08                
 20042.30c 41.598180 EndfB7 0 2 9819 323606 1024 512 2.5301E-08                
 20043.30c 42.589730 EndfB7 0 2 10453 356341 1024 512 2.5301E-08               
 20044.30c 43.577880 EndfB7 0 2 11150 225954 1024 512 2.5301E-08               
 20046.30c 45.558930 EndfB7 0 2 11593 168274 1024 512 2.5301E-08               
 20048.30c 47.540600 EndfB7 0 2 11923 146875 1024 512 2.5301E-08               
 21045.30c 44.567900 EndfB7 0 2 12211 298826 1024 512 2.5301E-08               
 22046.30c 45.557900 EndfB7 0 2 12796 175757 1024 512 2.5301E-08               
 22047.30c 46.548400 EndfB7 0 2 13141 142888 1024 512 2.5301E-08               
 22048.30c 47.556000 EndfB7 0 2 13422 139249 1024 512 2.5301E-08               
 22049.30c 48.527400 EndfB7 0 2 13695 115800 1024 512 2.5301E-08               
 22050.30c 49.515700 EndfB7 0 2 13923 100187 1024 512 2.5301E-08               
 23000.30c 50.504000 EndfB7 0 2 14120 202479 1024 512 2.5301E-08               
 24050.30c 49.517000 EndfB7 0 2 14517 432535 1024 512 2.5301E-08               
 24052.30c 51.494000 EndfB7 0 2 15363 367089 1024 512 2.5301E-08               
 24053.30c 52.486000 EndfB7 0 2 16081 300551 1024 512 2.5301E-08               
 24054.30c 53.476000 EndfB7 0 2 16670 273871 1024 512 2.5301E-08               
 25055.30c 54.466100 EndfB7 0 2 17206 286225 1024 512 2.5301E-08               
 26054.30c 53.476000 EndfB7 0 2 17767 331467 1024 512 2.5301E-08               
 26056.30c 55.454000 EndfB7 0 2 18416 503649 1024 512 2.5301E-08               
 26057.30c 56.446000 EndfB7 0 2 19401 333360 1024 512 2.5301E-08               
 26058.30c 57.436000 EndfB7 0 2 20054 173142 1024 512 2.5301E-08               
 27058.30c 57.438100 EndfB7 0 2 20394 19618 1024 512 2.5301E-08                
 27458.30c 57.438100 EndfB7 0 2 20434 16806 1024 512 2.5301E-08                
 27059.30c 58.426900 EndfB7 0 2 20468 281420 1024 512 2.5301E-08               
 28058.30c 57.438000 EndfB7 0 2 21019 712488 1024 512 2.5301E-08               
 28059.30c 58.428100 EndfB7 0 2 22412 65362 1024 512 2.5301E-08                
 28060.30c 59.416000 EndfB7 0 2 22541 465562 1024 512 2.5301E-08               
 28061.30c 60.408000 EndfB7 0 2 23452 250017 1024 512 2.5301E-08               
 28062.30c 61.396000 EndfB7 0 2 23942 241035 1024 512 2.5301E-08               
 28064.30c 63.379000 EndfB7 0 2 24414 200228 1024 512 2.5301E-08               
 29063.30c 62.389000 EndfB7 0 2 24807 357744 1024 512 2.5301E-08               
 29065.30c 64.370000 EndfB7 0 2 25507 314505 1024 512 2.5301E-08               
 30000.30c 64.834000 EndfB7 0 2 26123 327250 1024 512 2.5301E-08               
 31069.30c 68.333600 EndfB7 0 2 26764 89987 1024 512 2.5301E-08                
 31071.30c 70.315000 EndfB7 0 2 26941 79155 1024 512 2.5301E-08                
 32070.30c 69.323600 EndfB7 0 2 27097 422786 1024 512 2.5301E-08 ptable        
 32072.30c 71.304200 EndfB7 0 2 27924 252283 1024 512 2.5301E-08 ptable        
 32073.30c 72.297000 EndfB7 0 2 28418 627788 1024 512 2.5301E-08 ptable        
 32074.30c 73.286200 EndfB7 0 2 29646 130472 1024 512 2.5301E-08 ptable        
 32076.30c 75.269200 EndfB7 0 2 29902 134105 1024 512 2.5301E-08 ptable        
 33074.30c 73.288900 EndfB7 0 2 30165 278547 1024 512 2.5301E-08 ptable        
 33075.30c 74.278000 EndfB7 0 2 30711 423282 1024 512 2.5301E-08 ptable        
 34074.30c 73.287500 EndfB7 0 2 31539 77271 1024 512 2.5301E-08 ptable         
 34076.30c 75.267000 EndfB7 0 2 31691 134324 1024 512 2.5301E-08 ptable        
 34077.30c 76.259100 EndfB7 0 2 31955 154592 1024 512 2.5301E-08 ptable        
 34078.30c 77.247900 EndfB7 0 2 32258 98787 1024 512 2.5301E-08 ptable         
 34079.30c 78.240500 EndfB7 0 2 32452 111656 1024 512 2.5301E-08 ptable        
 34080.30c 79.230000 EndfB7 0 2 32672 110885 1024 512 2.5301E-08 ptable        
 34082.30c 81.213000 EndfB7 0 2 32890 53191 1024 512 2.5301E-08 ptable         
 35079.30c 78.240300 EndfB7 0 2 32995 304402 1024 512 2.5301E-08 ptable        
 35081.30c 80.221200 EndfB7 0 2 33591 282141 1024 512 2.5301E-08 ptable        
 36078.30c 77.251000 EndfB7 0 2 34144 110525 1024 512 2.5301E-08 ptable        
 36080.30c 79.229900 EndfB7 0 2 34361 109659 1024 512 2.5301E-08 ptable        
 36082.30c 81.209800 EndfB7 0 2 34577 75059 1024 512 2.5301E-08 ptable         
 36083.30c 82.202000 EndfB7 0 2 34725 62906 1024 512 2.5301E-08 ptable         
 36084.30c 83.190700 EndfB7 0 2 34849 134114 1024 512 2.5301E-08               
 36085.30c 84.183100 EndfB7 0 2 35112 190030 1024 512 2.5301E-08 ptable        
 36086.30c 85.172600 EndfB7 0 2 35485 137842 1024 512 2.5301E-08               
 37085.30c 84.182400 EndfB7 0 2 35756 198412 1024 512 2.5301E-08 ptable        
 37086.30c 85.173100 EndfB7 0 2 36145 260990 1024 512 2.5301E-08 ptable        
 37087.30c 86.162600 EndfB7 0 2 36656 72266 1024 512 2.5301E-08 ptable         
 38084.30c 83.192600 EndfB7 0 2 36799 171353 1024 512 2.5301E-08 ptable        
 38086.30c 85.171300 EndfB7 0 2 37135 91488 1024 512 2.5301E-08 ptable         
 38087.30c 86.162300 EndfB7 0 2 37315 165277 1024 512 2.5301E-08 ptable        
 38088.30c 87.150000 EndfB7 0 2 37639 135371 1024 512 2.5301E-08               
 38089.30c 88.144000 EndfB7 0 2 37905 73708 1024 512 2.5301E-08 ptable         
 38090.30c 89.135300 EndfB7 0 2 38050 47336 1024 512 2.5301E-08 ptable         
 39089.30c 88.142100 EndfB7 0 2 38144 494496 1024 512 2.5301E-08               
 39090.30c 89.134800 EndfB7 0 2 39111 273954 1024 512 2.5301E-08 ptable        
 39091.30c 90.126400 EndfB7 0 2 39648 98542 1024 512 2.5301E-08 ptable         
 40090.30c 89.132400 EndfB7 0 2 39842 207624 1024 512 2.5301E-08 ptable        
 40091.30c 90.124700 EndfB7 0 2 40249 220505 1024 512 2.5301E-08 ptable        
 40092.30c 91.115500 EndfB7 0 2 40681 258949 1024 512 2.5301E-08 ptable        
 40093.30c 92.108400 EndfB7 0 2 41188 127473 1024 512 2.5301E-08 ptable        
 40094.30c 93.099600 EndfB7 0 2 41438 230628 1024 512 2.5301E-08 ptable        
 40095.30c 94.092700 EndfB7 0 2 41890 78274 1024 512 2.5301E-08 ptable         
 40096.30c 95.084400 EndfB7 0 2 42044 178734 1024 512 2.5301E-08               
 41093.30c 92.105100 EndfB7 0 2 42395 402954 1024 512 2.5301E-08               
 41094.30c 93.100600 EndfB7 0 2 43184 121320 1024 512 2.5301E-08 ptable        
 41095.30c 94.091500 EndfB7 0 2 43422 91055 1024 512 2.5301E-08 ptable         
 42092.30c 91.117300 EndfB7 0 2 43601 262729 1024 512 2.5301E-08 ptable        
 42094.30c 93.098400 EndfB7 0 2 44116 263141 1024 512 2.5301E-08 ptable        
 42095.30c 94.090600 EndfB7 0 2 44631 281564 1024 512 2.5301E-08 ptable        
 42096.30c 95.080800 EndfB7 0 2 45182 278877 1024 512 2.5301E-08 ptable        
 42097.30c 96.073500 EndfB7 0 2 45728 302265 1024 512 2.5301E-08 ptable        
 42098.30c 97.064300 EndfB7 0 2 46320 328291 1024 512 2.5301E-08 ptable        
 42099.30c 98.058000 EndfB7 0 2 46963 74147 1024 512 2.5301E-08 ptable         
 42100.30c 99.049000 EndfB7 0 2 47109 192467 1024 512 2.5301E-08 ptable        
 43099.30c 98.056600 EndfB7 0 2 47486 733284 1024 512 2.5301E-08 ptable        
 44096.30c 95.083700 EndfB7 0 2 48920 82289 1024 512 2.5301E-08 ptable         
 44098.30c 97.064200 EndfB7 0 2 49082 81962 1024 512 2.5301E-08 ptable         
 44099.30c 98.056200 EndfB7 0 2 49244 139275 1024 512 2.5301E-08 ptable        
 44100.30c 99.046000 EndfB7 0 2 49518 177016 1024 512 2.5301E-08 ptable        
 44101.30c 100.039000 EndfB7 0 2 49865 311576 1024 512 2.5301E-08 ptable       
 44102.30c 101.030000 EndfB7 0 2 50475 204690 1024 512 2.5301E-08 ptable       
 44103.30c 102.020000 EndfB7 0 2 50876 114825 1024 512 2.5301E-08 ptable       
 44104.30c 103.010000 EndfB7 0 2 51102 177915 1024 512 2.5301E-08 ptable       
 44105.30c 104.010000 EndfB7 0 2 51451 56413 1024 512 2.5301E-08               
 44106.30c 104.997000 EndfB7 0 2 51563 44772 1024 512 2.5301E-08 ptable        
 45103.30c 102.021000 EndfB7 0 2 51652 473933 1024 512 2.5301E-08 ptable       
 45105.30c 104.000000 EndfB7 0 2 52579 63844 1024 512 2.5301E-08 ptable        
 46102.30c 101.030200 EndfB7 0 2 52705 198978 1024 512 2.5301E-08              
 46104.30c 103.011400 EndfB7 0 2 53095 709299 1024 512 2.5301E-08              
 46105.30c 104.004000 EndfB7 0 2 54482 419680 1024 512 2.5301E-08 ptable       
 46106.30c 104.993700 EndfB7 0 2 55303 589449 1024 512 2.5301E-08              
 46107.30c 105.987000 EndfB7 0 2 56456 179300 1024 512 2.5301E-08 ptable       
 46108.30c 106.976900 EndfB7 0 2 56808 578296 1024 512 2.5301E-08              
 46110.30c 108.961000 EndfB7 0 2 57939 529627 1024 512 2.5301E-08              
 47107.30c 105.987000 EndfB7 0 2 58975 426222 1024 512 2.5301E-08 ptable       
 47109.30c 107.969000 EndfB7 0 2 59809 499953 1024 512 2.5301E-08 ptable       
 47510.30c 108.962000 EndfB7 0 2 60787 138202 1024 512 2.5301E-08 ptable       
 47111.30c 109.953000 EndfB7 0 2 61058 252748 1024 512 2.5301E-08 ptable       
 48106.30c 104.996000 EndfB7 0 2 61553 161907 1024 512 2.5301E-08              
 48108.30c 106.977000 EndfB7 0 2 61871 106482 1024 512 2.5301E-08 ptable       
 48110.30c 108.959000 EndfB7 0 2 62080 152206 1024 512 2.5301E-08 ptable       
 48111.30c 109.951000 EndfB7 0 2 62379 260423 1024 512 2.5301E-08              
 48112.30c 110.942000 EndfB7 0 2 62889 183057 1024 512 2.5301E-08 ptable       
 48113.30c 111.930000 EndfB7 0 2 63248 467291 1024 512 2.5301E-08 ptable       
 48114.30c 112.925000 EndfB7 0 2 64162 117034 1024 512 2.5301E-08 ptable       
 48515.30c 113.918000 EndfB7 0 2 64392 220210 1024 512 2.5301E-08 ptable       
 48116.30c 114.909000 EndfB7 0 2 64824 77824 1024 512 2.5301E-08 ptable        
 49113.30c 111.934000 EndfB7 0 2 64977 179780 1024 512 2.5301E-08 ptable       
 49115.30c 113.917000 EndfB7 0 2 65330 288639 1024 512 2.5301E-08 ptable       
 50112.30c 110.944000 EndfB7 0 2 65895 123746 1024 512 2.5301E-08 ptable       
 50113.30c 111.935000 EndfB7 0 2 66138 552241 1024 512 2.5301E-08 ptable       
 50114.30c 112.925000 EndfB7 0 2 67218 127709 1024 512 2.5301E-08 ptable       
 50115.30c 113.916000 EndfB7 0 2 67469 92335 1024 512 2.5301E-08 ptable        
 50116.30c 114.906000 EndfB7 0 2 67651 262672 1024 512 2.5301E-08 ptable       
 50117.30c 115.899000 EndfB7 0 2 68166 146502 1024 512 2.5301E-08 ptable       
 50118.30c 116.889000 EndfB7 0 2 68454 71594 1024 512 2.5301E-08 ptable        
 50119.30c 117.882000 EndfB7 0 2 68595 123307 1024 512 2.5301E-08 ptable       
 50120.30c 118.872000 EndfB7 0 2 68837 233595 1024 512 2.5301E-08 ptable       
 50122.30c 120.856000 EndfB7 0 2 69295 360443 1024 512 2.5301E-08              
 50123.30c 121.850000 EndfB7 0 2 70000 63562 1024 512 2.5301E-08 ptable        
 50124.30c 122.841000 EndfB7 0 2 70126 237923 1024 512 2.5301E-08              
 50125.30c 123.835000 EndfB7 0 2 70592 173673 1024 512 2.5301E-08 ptable       
 50126.30c 124.826000 EndfB7 0 2 70933 45336 1024 512 2.5301E-08 ptable        
 51121.30c 119.870000 EndfB7 0 2 71023 286924 1024 512 2.5301E-08 ptable       
 51123.30c 121.850000 EndfB7 0 2 71585 259198 1024 512 2.5301E-08 ptable       
 51124.30c 122.842000 EndfB7 0 2 72093 59216 1024 512 2.5301E-08 ptable        
 51125.30c 123.832000 EndfB7 0 2 72210 109835 1024 512 2.5301E-08 ptable       
 51126.30c 124.826000 EndfB7 0 2 72426 292599 1024 512 2.5301E-08 ptable       
 52120.30c 118.874000 EndfB7 0 2 72999 73618 1024 512 2.5301E-08 ptable        
 52122.30c 120.856000 EndfB7 0 2 73144 300978 1024 512 2.5301E-08 ptable       
 52123.30c 121.848000 EndfB7 0 2 73733 188085 1024 512 2.5301E-08 ptable       
 52124.30c 122.839000 EndfB7 0 2 74102 235626 1024 512 2.5301E-08 ptable       
 52125.30c 123.831000 EndfB7 0 2 74564 322405 1024 512 2.5301E-08 ptable       
 52126.30c 124.821000 EndfB7 0 2 75195 134479 1024 512 2.5301E-08 ptable       
 52527.30c 125.815000 EndfB7 0 2 75459 83887 1024 512 2.5301E-08 ptable        
 52128.30c 126.805000 EndfB7 0 2 75624 111465 1024 512 2.5301E-08 ptable       
 52529.30c 127.800000 EndfB7 0 2 75843 97006 1024 512 2.5301E-08 ptable        
 52130.30c 128.790000 EndfB7 0 2 76034 79662 1024 512 2.5301E-08 ptable        
 52132.30c 130.775000 EndfB7 0 2 76191 264346 1024 512 2.5301E-08 ptable       
 53127.30c 125.814300 EndfB7 0 2 76709 1304107 1024 512 2.5301E-08             
 53129.30c 127.798000 EndfB7 0 2 79258 221726 1024 512 2.5301E-08 ptable       
 53130.30c 128.791000 EndfB7 0 2 79693 352459 1024 512 2.5301E-08 ptable       
 53131.30c 129.781000 EndfB7 0 2 80383 83508 1024 512 2.5301E-08 ptable        
 53135.30c 133.750000 EndfB7 0 2 80548 34224 1024 512 2.5301E-08               
 54123.30c 121.850000 EndfB7 0 2 80616 65739 1024 512 2.5301E-08               
 54124.30c 122.840000 EndfB7 0 2 80746 68480 1024 512 2.5301E-08 ptable        
 54126.30c 124.822000 EndfB7 0 2 80881 88333 1024 512 2.5301E-08 ptable        
 54128.30c 126.804000 EndfB7 0 2 81055 117908 1024 512 2.5301E-08 ptable       
 54129.30c 127.798000 EndfB7 0 2 81287 202528 1024 512 2.5301E-08 ptable       
 54130.30c 128.788000 EndfB7 0 2 81684 48406 1024 512 2.5301E-08               
 54131.30c 129.781000 EndfB7 0 2 81780 306485 1024 512 2.5301E-08 ptable       
 54132.30c 130.770000 EndfB7 0 2 82380 70831 1024 512 2.5301E-08 ptable        
 54133.30c 131.764000 EndfB7 0 2 82520 76075 1024 512 2.5301E-08 ptable        
 54134.30c 132.760000 EndfB7 0 2 82670 58073 1024 512 2.5301E-08 ptable        
 54135.30c 133.748000 EndfB7 0 2 82785 78620 1024 512 2.5301E-08 ptable        
 54136.30c 134.740000 EndfB7 0 2 82940 79429 1024 512 2.5301E-08               
 55133.30c 131.764000 EndfB7 0 2 83097 418297 1024 512 2.5301E-08 ptable       
 55134.30c 132.757000 EndfB7 0 2 83915 137925 1024 512 2.5301E-08 ptable       
 55135.30c 133.747000 EndfB7 0 2 84186 69025 1024 512 2.5301E-08 ptable        
 55136.30c 134.739000 EndfB7 0 2 84322 55748 1024 512 2.5301E-08 ptable        
 55137.30c 135.731000 EndfB7 0 2 84432 59537 1024 512 2.5301E-08 ptable        
 56130.30c 128.790000 EndfB7 0 2 84550 156091 1024 512 2.5301E-08 ptable       
 56132.30c 130.772000 EndfB7 0 2 84856 75928 1024 512 2.5301E-08 ptable        
 56133.30c 131.764000 EndfB7 0 2 85006 363529 1024 512 2.5301E-08 ptable       
 56134.30c 132.754000 EndfB7 0 2 85718 173820 1024 512 2.5301E-08 ptable       
 56135.30c 133.747000 EndfB7 0 2 86059 208876 1024 512 2.5301E-08 ptable       
 56136.30c 134.737000 EndfB7 0 2 86468 172645 1024 512 2.5301E-08 ptable       
 56137.30c 135.730000 EndfB7 0 2 86807 141933 1024 512 2.5301E-08 ptable       
 56138.30c 136.720000 EndfB7 0 2 87086 72548 1024 512 2.5301E-08               
 56140.30c 138.708000 EndfB7 0 2 87229 34870 1024 512 2.5301E-08 ptable        
 57138.30c 136.722000 EndfB7 0 2 87299 108925 1024 512 2.5301E-08 ptable       
 57139.30c 137.710000 EndfB7 0 2 87513 210174 1024 512 2.5301E-08 ptable       
 57140.30c 138.708000 EndfB7 0 2 87925 383354 1024 512 2.5301E-08 ptable       
 58136.30c 134.740000 EndfB7 0 2 88675 200127 1024 512 2.5301E-08 ptable       
 58138.30c 136.721000 EndfB7 0 2 89067 201115 1024 512 2.5301E-08 ptable       
 58139.30c 137.713000 EndfB7 0 2 89461 297645 1024 512 2.5301E-08 ptable       
 58140.30c 138.704000 EndfB7 0 2 90044 254913 1024 512 2.5301E-08              
 58141.30c 139.700000 EndfB7 0 2 90543 92078 1024 512 2.5301E-08 ptable        
 58142.30c 140.690000 EndfB7 0 2 90724 109706 1024 512 2.5301E-08 ptable       
 58143.30c 141.685000 EndfB7 0 2 90940 280319 1024 512 2.5301E-08 ptable       
 58144.30c 142.678000 EndfB7 0 2 91489 54584 1024 512 2.5301E-08 ptable        
 59141.30c 139.697000 EndfB7 0 2 91597 396154 1024 512 2.5301E-08 ptable       
 59142.30c 140.691000 EndfB7 0 2 92372 585343 1024 512 2.5301E-08 ptable       
 59143.30c 141.683000 EndfB7 0 2 93517 85543 1024 512 2.5301E-08 ptable        
 60142.30c 140.689000 EndfB7 0 2 93686 325426 1024 512 2.5301E-08 ptable       
 60143.30c 141.682000 EndfB7 0 2 94323 468373 1024 512 2.5301E-08 ptable       
 60144.30c 142.674000 EndfB7 0 2 95239 324070 1024 512 2.5301E-08 ptable       
 60145.30c 143.668000 EndfB7 0 2 95873 569750 1024 512 2.5301E-08 ptable       
 60146.30c 144.660000 EndfB7 0 2 96987 304535 1024 512 2.5301E-08 ptable       
 60147.30c 145.654000 EndfB7 0 2 97583 275021 1024 512 2.5301E-08 ptable       
 60148.30c 146.646000 EndfB7 0 2 98122 367673 1024 512 2.5301E-08 ptable       
 60150.30c 148.633000 EndfB7 0 2 98842 333096 1024 512 2.5301E-08 ptable       
 61147.30c 145.653000 EndfB7 0 2 99494 101636 1024 512 2.5301E-08 ptable       
 61148.30c 146.646000 EndfB7 0 2 99694 63470 1024 512 2.5301E-08 ptable        
 61548.30c 146.650000 EndfB7 0 2 99819 42690 1024 512 2.5301E-08               
 61149.30c 147.639000 EndfB7 0 2 99904 83388 1024 512 2.5301E-08 ptable        
 61151.30c 149.625000 EndfB7 0 2 100068 234750 1024 512 2.5301E-08 ptable      
 62144.30c 142.676000 EndfB7 0 2 100528 301722 1024 512 2.5301E-08 ptable      
 62147.30c 145.653000 EndfB7 0 2 101119 608884 1024 512 2.5301E-08 ptable      
 62148.30c 146.644000 EndfB7 0 2 102310 199376 1024 512 2.5301E-08 ptable      
 62149.30c 147.638000 EndfB7 0 2 102701 478954 1024 512 2.5301E-08 ptable      
 62150.30c 148.629000 EndfB7 0 2 103638 299631 1024 512 2.5301E-08 ptable      
 62151.30c 149.623000 EndfB7 0 2 104225 375402 1024 512 2.5301E-08 ptable      
 62152.30c 150.615000 EndfB7 0 2 104960 396091 1024 512 2.5301E-08 ptable      
 62153.30c 151.608000 EndfB7 0 2 105735 219069 1024 512 2.5301E-08 ptable      
 62154.30c 152.600000 EndfB7 0 2 106164 270162 1024 512 2.5301E-08 ptable      
 63151.30c 149.620000 EndfB7 0 2 106693 133456 1024 512 2.5301E-08 ptable      
 63152.30c 150.617000 EndfB7 0 2 106955 124103 1024 512 2.5301E-08 ptable      
 63153.30c 151.608000 EndfB7 0 2 107199 256969 1024 512 2.5301E-08 ptable      
 63154.30c 152.600000 EndfB7 0 2 107702 62593 1024 512 2.5301E-08 ptable       
 63155.30c 153.590000 EndfB7 0 2 107826 49694 1024 512 2.5301E-08 ptable       
 63156.30c 154.586000 EndfB7 0 2 107925 70920 1024 512 2.5301E-08 ptable       
 63157.30c 155.577000 EndfB7 0 2 108065 301913 1024 512 2.5301E-08 ptable      
 64152.30c 150.615000 EndfB7 0 2 108656 522725 1024 512 2.5301E-08 ptable      
 64153.30c 151.608000 EndfB7 0 2 109678 336206 1024 512 2.5301E-08 ptable      
 64154.30c 152.599000 EndfB7 0 2 110336 607128 1024 512 2.5301E-08 ptable      
 64155.30c 153.592000 EndfB7 0 2 111523 343614 1024 512 2.5301E-08 ptable      
 64156.30c 154.583000 EndfB7 0 2 112196 441991 1024 512 2.5301E-08 ptable      
 64157.30c 155.576000 EndfB7 0 2 113061 395594 1024 512 2.5301E-08 ptable      
 64158.30c 156.567000 EndfB7 0 2 113835 440483 1024 512 2.5301E-08 ptable      
 64160.30c 158.553000 EndfB7 0 2 114697 371414 1024 512 2.5301E-08 ptable      
 65159.30c 157.560000 EndfB7 0 2 115424 347184 1024 512 2.5301E-08 ptable      
 65160.30c 158.553000 EndfB7 0 2 116104 192050 1024 512 2.5301E-08 ptable      
 66156.30c 154.585000 EndfB7 0 2 116481 267052 1024 512 2.5301E-08 ptable      
 66158.30c 156.568000 EndfB7 0 2 117004 240967 1024 512 2.5301E-08 ptable      
 66160.30c 158.551000 EndfB7 0 2 117476 345358 1024 512 2.5301E-08 ptable      
 66161.30c 159.544000 EndfB7 0 2 118152 520503 1024 512 2.5301E-08 ptable      
 66162.30c 160.536000 EndfB7 0 2 119170 368881 1024 512 2.5301E-08 ptable      
 66163.30c 161.529000 EndfB7 0 2 119892 399773 1024 512 2.5301E-08 ptable      
 66164.30c 162.521000 EndfB7 0 2 120674 325264 1024 512 2.5301E-08 ptable      
 67165.30c 163.513000 EndfB7 0 2 121311 337695 1024 512 2.5301E-08             
 67566.30c 164.507000 EndfB7 0 2 121972 216404 1024 512 2.5301E-08 ptable      
 68162.30c 160.538000 EndfB7 0 2 122396 105961 1024 512 2.5301E-08             
 68164.30c 162.521000 EndfB7 0 2 122604 111187 1024 512 2.5301E-08             
 68166.30c 164.505000 EndfB7 0 2 122823 281792 1024 512 2.5301E-08             
 68167.30c 165.498000 EndfB7 0 2 123375 425713 1024 512 2.5301E-08 ptable      
 68168.30c 166.487000 EndfB7 0 2 124208 289838 1024 512 2.5301E-08             
 68170.30c 168.476000 EndfB7 0 2 124776 161232 1024 512 2.5301E-08 ptable      
 71175.30c 173.438000 EndfB7 0 2 125092 141422 1024 512 2.5301E-08 ptable      
 71176.30c 174.430000 EndfB7 0 2 125370 75739 1024 512 2.5301E-08 ptable       
 72174.30c 172.446000 EndfB7 0 2 125519 42662 1024 512 2.5301E-08 ptable       
 72176.30c 174.430000 EndfB7 0 2 125604 71122 1024 512 2.5301E-08 ptable       
 72177.30c 175.423000 EndfB7 0 2 125744 226291 1024 512 2.5301E-08 ptable      
 72178.30c 176.415000 EndfB7 0 2 126187 73145 1024 512 2.5301E-08 ptable       
 72179.30c 177.409000 EndfB7 0 2 126331 109828 1024 512 2.5301E-08 ptable      
 72180.30c 178.401000 EndfB7 0 2 126547 170300 1024 512 2.5301E-08 ptable      
 73181.30c 179.400000 EndfB7 0 2 126881 142345 1024 512 2.5301E-08 ptable      
 73182.30c 180.387000 EndfB7 0 2 127161 29998 1024 512 2.5301E-08 ptable       
 74182.30c 180.390000 EndfB7 0 2 127221 272444 1024 512 2.5301E-08 ptable      
 74183.30c 181.380000 EndfB7 0 2 127755 229079 1024 512 2.5301E-08 ptable      
 74184.30c 182.370000 EndfB7 0 2 128204 204525 1024 512 2.5301E-08 ptable      
 74186.30c 184.360000 EndfB7 0 2 128605 210163 1024 512 2.5301E-08 ptable      
 75185.30c 183.364000 EndfB7 0 2 129017 429630 1024 512 2.5301E-08 ptable      
 75187.30c 185.350000 EndfB7 0 2 129858 384925 1024 512 2.5301E-08 ptable      
 77191.30c 189.320000 EndfB7 0 2 130611 430853 1024 512 2.5301E-08             
 77193.30c 191.305000 EndfB7 0 2 131454 385768 1024 512 2.5301E-08 ptable      
 79197.30c 195.274000 EndfB7 0 2 132209 410633 1024 512 2.5301E-08             
 80196.30c 194.282000 EndfB7 0 2 133013 152809 1024 512 2.5301E-08             
 80198.30c 196.266000 EndfB7 0 2 133313 172118 1024 512 2.5301E-08             
 80199.30c 197.259000 EndfB7 0 2 133651 172994 1024 512 2.5301E-08             
 80200.30c 198.250000 EndfB7 0 2 133990 193179 1024 512 2.5301E-08             
 80201.30c 199.244000 EndfB7 0 2 134369 166046 1024 512 2.5301E-08             
 80202.30c 200.236000 EndfB7 0 2 134695 155009 1024 512 2.5301E-08             
 80204.30c 202.221000 EndfB7 0 2 134999 140620 1024 512 2.5301E-08             
 82204.30c 202.220800 EndfB7 0 2 135275 613556 1024 512 2.5301E-08             
 82206.30c 204.205000 EndfB7 0 2 136475 1205531 1024 512 2.5301E-08            
 82207.30c 205.197900 EndfB7 0 2 138831 551210 1024 512 2.5301E-08             
 82208.30c 206.190000 EndfB7 0 2 139909 483193 1024 512 2.5301E-08             
 83209.30c 207.185000 EndfB7 0 2 140854 267132 1024 512 2.5301E-08             
 88223.30c 221.103000 EndfB7 0 2 141377 22870 1024 512 2.5301E-08              
 88224.30c 222.096000 EndfB7 0 2 141423 19490 1024 512 2.5301E-08              
 88225.30c 223.091000 EndfB7 0 2 141463 16663 1024 512 2.5301E-08              
 88226.30c 224.084000 EndfB7 0 2 141497 102211 1024 512 2.5301E-08             
 89225.30c 223.090000 EndfB7 0 2 141698 13036 1024 512 2.5301E-08              
 89226.30c 224.084000 EndfB7 0 2 141725 14753 1024 512 2.5301E-08              
 89227.30c 225.077000 EndfB7 0 2 141755 21377 1024 512 2.5301E-08              
 90227.30c 225.077000 EndfB7 0 2 141798 15012 1024 512 2.5301E-08              
 90228.30c 226.070000 EndfB7 0 2 141829 33762 1024 512 2.5301E-08              
 90229.30c 227.064000 EndfB7 0 2 141896 29331 1024 512 2.5301E-08              
 90230.30c 228.060000 EndfB7 0 2 141955 62304 1024 512 2.5301E-08              
 90232.30c 230.045000 EndfB7 0 2 142078 2440227 1024 512 2.5301E-08 ptable     
 90233.30c 231.040000 EndfB7 0 2 146846 32764 1024 512 2.5301E-08              
 90234.30c 232.033000 EndfB7 0 2 146911 31324 1024 512 2.5301E-08              
 91231.30c 229.051000 EndfB7 0 2 146974 1397285 1024 512 2.5301E-08 ptable     
 91232.30c 230.045000 EndfB7 0 2 149705 20439 1024 512 2.5301E-08              
 91233.30c 231.038000 EndfB7 0 2 149746 1532334 1024 512 2.5301E-08 ptable     
 92232.30c 230.043800 EndfB7 0 2 152740 198369 1024 512 2.5301E-08 ptable      
 92233.30c 231.037700 EndfB7 0 2 153129 453138 1024 512 2.5301E-08 ptable      
 92234.30c 232.030400 EndfB7 0 2 154016 424576 1024 512 2.5301E-08 ptable      
 92235.30c 233.024800 EndfB7 0 2 154847 833137 1024 512 2.5301E-08 ptable      
 92236.30c 234.017800 EndfB7 0 2 156476 357551 1024 512 2.5301E-08 ptable      
 92237.30c 235.012400 EndfB7 0 2 157176 169374 1024 512 2.5301E-08 ptable      
 92238.30c 236.005800 EndfB7 0 2 157508 1637610 1024 512 2.5301E-08 ptable     
 92239.30c 237.000700 EndfB7 0 2 160708 239838 1024 512 2.5301E-08 ptable      
 92240.30c 237.994400 EndfB7 0 2 161178 297395 1024 512 2.5301E-08 ptable      
 92241.30c 238.989500 EndfB7 0 2 161760 228281 1024 512 2.5301E-08 ptable      
 93235.30c 233.025000 EndfB7 0 2 162207 28702 1024 512 2.5301E-08              
 93236.30c 234.019000 EndfB7 0 2 162265 22983 1024 512 2.5301E-08              
 93237.30c 235.011800 EndfB7 0 2 162311 460520 1024 512 2.5301E-08 ptable      
 93238.30c 236.006000 EndfB7 0 2 163212 30728 1024 512 2.5301E-08              
 93239.30c 236.999000 EndfB7 0 2 163274 16798 1024 512 2.5301E-08              
 94236.30c 234.018000 EndfB7 0 2 163308 54457 1024 512 2.5301E-08 ptable       
 94237.30c 235.012000 EndfB7 0 2 163416 10998 1024 512 2.5301E-08              
 94238.30c 236.004500 EndfB7 0 2 163439 64362 1024 512 2.5301E-08 ptable       
 94239.30c 236.998600 EndfB7 0 2 163566 808230 1024 512 2.5301E-08 ptable      
 94240.30c 237.992000 EndfB7 0 2 165146 445862 1024 512 2.5301E-08 ptable      
 94241.30c 238.978000 EndfB7 0 2 166018 193800 1024 512 2.5301E-08 ptable      
 94242.30c 239.979000 EndfB7 0 2 166398 176878 1024 512 2.5301E-08 ptable      
 94243.30c 240.974000 EndfB7 0 2 166745 98980 1024 512 2.5301E-08 ptable       
 94244.30c 241.968000 EndfB7 0 2 166940 64429 1024 512 2.5301E-08 ptable       
 94246.30c 243.956000 EndfB7 0 2 167067 19137 1024 512 2.5301E-08              
 95241.30c 238.986000 EndfB7 0 2 167106 271456 1024 512 2.5301E-08 ptable      
 95242.30c 239.980100 EndfB7 0 2 167638 166032 1024 512 2.5301E-08 ptable      
 95642.30c 239.980100 EndfB7 0 2 167964 143723 1024 512 2.5301E-08 ptable      
 95243.30c 240.973400 EndfB7 0 2 168246 338214 1024 512 2.5301E-08 ptable      
 95244.30c 241.968000 EndfB7 0 2 168908 32164 1024 512 2.5301E-08              
 95644.30c 241.968000 EndfB7 0 2 168972 34559 1024 512 2.5301E-08              
 96241.30c 238.987000 EndfB7 0 2 169041 9515 1024 512 2.5301E-08               
 96242.30c 239.979000 EndfB7 0 2 169061 68844 1024 512 2.5301E-08 ptable       
 96243.30c 240.973000 EndfB7 0 2 169197 72082 1024 512 2.5301E-08 ptable       
 96244.30c 241.966000 EndfB7 0 2 169339 172549 1024 512 2.5301E-08 ptable      
 96245.30c 242.960000 EndfB7 0 2 169678 78948 1024 512 2.5301E-08 ptable       
 96246.30c 243.953000 EndfB7 0 2 169834 82877 1024 512 2.5301E-08 ptable       
 96247.30c 244.948000 EndfB7 0 2 169997 65499 1024 512 2.5301E-08 ptable       
 96248.30c 245.941000 EndfB7 0 2 170126 141308 1024 512 2.5301E-08 ptable      
 96249.30c 246.936000 EndfB7 0 2 170403 57684 1024 512 2.5301E-08 ptable       
 96250.30c 247.930000 EndfB7 0 2 170517 28753 1024 512 2.5301E-08 ptable       
 97249.30c 246.940000 EndfB7 0 2 170575 85597 1024 512 2.5301E-08 ptable       
 97250.30c 247.930000 EndfB7 0 2 170744 91901 1024 512 2.5301E-08 ptable       
 98249.30c 246.940000 EndfB7 0 2 170925 83856 1024 512 2.5301E-08 ptable       
 98250.30c 247.928000 EndfB7 0 2 171090 79918 1024 512 2.5301E-08 ptable       
 98251.30c 248.923000 EndfB7 0 2 171248 78897 1024 512 2.5301E-08 ptable       
 98252.30c 249.916000 EndfB7 0 2 171404 78338 1024 512 2.5301E-08              
 98253.30c 250.910000 EndfB7 0 2 171559 108670 1024 512 2.5301E-08             
 98254.30c 251.905000 EndfB7 0 2 171773 17820 1024 512 2.5301E-08              
 99253.30c 250.910000 EndfB7 0 2 171809 64026 1024 512 2.5301E-08              
 99254.30c 251.905000 EndfB7 0 2 171936 18087 1024 512 2.5301E-08              
 99255.30c 252.899000 EndfB7 0 2 171973 19107 1024 512 2.5301E-08              
 100255.30c 252.899000 EndfB7 0 2 172012 17459 1024 512 2.5301E-08
 6000.60c 11.898000 OldNat 0 2 1 22422 1024 512 2.5300E-08                      
 12000.60c 24.096300 OldNat 0 2 46 55776 1024 512 2.5300E-08                    
 14000.60c 27.844000 OldNat 0 2 156 104198 1024 512 2.5300E-08                  
 16000.60c 31.788200 OldNat 0 2 361 108683 1024 512 2.5300E-08                  
 17000.60c 35.148000 OldNat 0 2 575 24090 1024 512 2.5300E-08                   
 18000.59c 39.604800 OldNat 0 2 624 3473 1024 512 2.5300E-08                    
 19000.60c 38.766000 OldNat 0 2 632 24482 1024 512 2.5300E-08                   
 20000.60c 39.736000 OldNat 0 2 681 76468 1024 512 2.5300E-08                   
 22000.60c 47.467600 OldNat 0 2 832 76454 1024 512 2.5300E-08                   
 23000.60c 50.504000 OldNat 0 2 983 167334 1024 512 2.5300E-08                  
 24000.50c 51.549000 OldNat 0 2 1311 134454 1024 512 2.5300E-08                 
 26000.55c 55.365000 OldNat 0 2 1575 178392 1024 512 2.5300E-08                 
 28000.50c 58.182600 OldNat 0 2 1925 139913 1024 512 2.5300E-08                 
 29000.50c 63.546000 OldNat 0 2 2200 51850 1024 512 2.5300E-08                  
 30000.42c 64.818349 OldNat 0 2 2303 271897 1024 512 2.5860E-08                 
 31000.60c 69.121100 OldNat 0 2 2836 9228 1024 512 2.5300E-08                   
 40000.60c 90.436000 OldNat 0 2 2856 66035 1024 512 2.5300E-08                  
 42000.60c 95.116000 OldNat 0 2 2986 45573 1024 512 2.5300E-08                  
 47000.55c 106.942000 OldNat 0 2 3077 29092 1024 512 2.5300E-08                 
 48000.51c 111.460000 OldNat 0 2 3135 6734 1024 512 2.5300E-08                  
 49000.60c 113.834000 OldNat 0 2 3150 93662 1024 512 2.5300E-08                 
 50000.42c 117.670386 OldNat 0 2 3334 248212 1024 512 2.5860E-08                
 51000.42c 120.704099 OldNat 0 2 3820 95953 1024 512 2.5860E-08                 
 54000.42c 130.172059 OldNat 0 2 4009 43411 1024 512 2.5860E-08                 
 63000.42c 150.654578 OldNat 0 2 4095 37421 1024 512 2.5860E-08                 
 64000.35c 155.899134 OldNat 0 2 4170 7878 1024 512 0.0000E+00                  
 72000.60c 176.954000 OldNat 0 2 4187 84369 1024 512 2.5300E-08                 
 74000.55c 182.277000 OldNat 0 2 4353 50639 1024 512 2.5300E-08                 
 77000.55c 190.563000 OldNat 0 2 4453 43071 1024 512 2.5300E-08                 
 78000.42c 193.414067 OldNat 0 2 4539 43559 1024 512 2.5860E-08                 
 82000.50c 205.430000 OldNat 0 2 4626 37633 1024 512 2.5300E-08
 benz.60t 0.999170 sab2002 0 2 1 63221 1024 512 2.5301E-08                      
 benz.61t 0.999170 sab2002 0 2 126 63221 1024 512 3.4470E-08                    
 benz.62t 0.999170 sab2002 0 2 251 63221 1024 512 5.1704E-08                    
 benz.63t 0.999170 sab2002 0 2 376 63221 1024 512 6.8939E-08                    
 beo.60t 8.934780 sab2002 0 2 501 63534 1024 512 2.5301E-08                     
 beo.61t 8.934780 sab2002 0 2 627 63514 1024 512 3.4470E-08                     
 beo.62t 8.934780 sab2002 0 2 753 63472 1024 512 5.1704E-08                     
 beo.63t 8.934780 sab2002 0 2 878 63446 1024 512 6.8939E-08                     
 beo.64t 8.934780 sab2002 0 2 1003 63424 1024 512 8.6174E-08                    
 beo.65t 8.934780 sab2002 0 2 1128 63402 1024 512 1.0341E-07                    
 be.60t 8.934780 sab2002 0 2 1253 63436 1024 512 2.5301E-08                     
 be.61t 8.934780 sab2002 0 2 1378 63410 1024 512 3.4470E-08                     
 be.62t 8.934780 sab2002 0 2 1503 63382 1024 512 5.1704E-08                     
 be.63t 8.934780 sab2002 0 2 1628 63356 1024 512 6.8939E-08                     
 be.64t 8.934780 sab2002 0 2 1753 63342 1024 512 8.6174E-08                     
 be.65t 8.934780 sab2002 0 2 1878 63330 1024 512 1.0341E-07                     
 be.69t 8.934780 sab2002 0 2 2003 47106 1024 512 6.6354E-09                     
 hwtr.60t 1.996800 sab2002 0 2 2097 63221 1024 512 2.5301E-08                   
 hwtr.61t 1.996800 sab2002 0 2 2222 63221 1024 512 3.4470E-08                   
 hwtr.62t 1.996800 sab2002 0 2 2347 63221 1024 512 5.1704E-08                   
 hwtr.63t 1.996800 sab2002 0 2 2472 63221 1024 512 6.8939E-08                   
 hwtr.64t 1.996800 sab2002 0 2 2597 63221 1024 512 8.6174E-08                   
 grph.60t 11.898000 sab2002 0 2 2722 63554 1024 512 2.5301E-08                  
 grph.61t 11.898000 sab2002 0 2 2848 63526 1024 512 3.4470E-08                  
 grph.62t 11.898000 sab2002 0 2 2974 63492 1024 512 5.1704E-08                  
 grph.63t 11.898000 sab2002 0 2 3100 63468 1024 512 6.8939E-08                  
 grph.64t 11.898000 sab2002 0 2 3225 63442 1024 512 8.6174E-08                  
 grph.65t 11.898000 sab2002 0 2 3350 63418 1024 512 1.0341E-07                  
 lwtr.60t 0.999170 sab2002 0 2 3475 63221 1024 512 2.5301E-08                   
 lwtr.61t 0.999170 sab2002 0 2 3600 63221 1024 512 3.4470E-08                   
 lwtr.62t 0.999170 sab2002 0 2 3725 63221 1024 512 5.1704E-08                   
 lwtr.63t 0.999170 sab2002 0 2 3850 63221 1024 512 6.8939E-08                   
 lwtr.64t 0.999170 sab2002 0 2 3975 63221 1024 512 8.6174E-08                   
 poly.60t 0.999170 sab2002 0 2 4100 69775 1024 512 2.5301E-08                   
 h/zr.60t 0.999170 sab2002 0 2 4238 69775 1024 512 2.5301E-08                   
 h/zr.61t 0.999170 sab2002 0 2 4376 69775 1024 512 3.4470E-08                   
 h/zr.62t 0.999170 sab2002 0 2 4514 69775 1024 512 5.1704E-08                   
 h/zr.63t 0.999170 sab2002 0 2 4652 69775 1024 512 6.8939E-08                   
 h/zr.64t 0.999170 sab2002 0 2 4790 69775 1024 512 8.6174E-08                   
 h/zr.65t 0.999170 sab2002 0 2 4928 69775 1024 512 1.0341E-07                   
 lmeth.60t 0.999170 sab2002 0 2 5066 46871 1024 512 8.6174E-09                  
 dortho.60t 1.996800 sab2002 0 2 5159 42511 1024 512 1.6373E-09                 
 hortho.60t 0.999170 sab2002 0 2 5244 42511 1024 512 1.6373E-09                 
 hortho.61t 0.999170 sab2002 0 2 5329 42511 1024 512 1.7235E-09                 
 hortho.62t 0.999170 sab2002 0 2 5414 42511 1024 512 1.8097E-09                 
 hortho.63t 0.999170 sab2002 0 2 5499 42511 1024 512 1.8958E-09                 
 hortho.64t 0.999170 sab2002 0 2 5584 42511 1024 512 1.9820E-09                 
 hortho.65t 0.999170 sab2002 0 2 5669 42511 1024 512 2.0682E-09                 
 hortho.66t 0.999170 sab2002 0 2 5754 42511 1024 512 2.1543E-09                 
 dpara.60t 1.996800 sab2002 0 2 5839 42511 1024 512 1.6373E-09                  
 hpara.60t 0.999170 sab2002 0 2 5924 42511 1024 512 1.6373E-09                  
 hpara.61t 0.999170 sab2002 0 2 6009 42511 1024 512 1.7235E-09                  
 hpara.62t 0.999170 sab2002 0 2 6094 42511 1024 512 1.8097E-09                  
 hpara.63t 0.999170 sab2002 0 2 6179 42511 1024 512 1.8958E-09                  
 hpara.64t 0.999170 sab2002 0 2 6264 42511 1024 512 1.9820E-09                  
 hpara.65t 0.999170 sab2002 0 2 6349 42511 1024 512 2.0682E-09                  
 hpara.66t 0.999170 sab2002 0 2 6434 42511 1024 512 2.1543E-09                  
 smeth.60t 0.999170 sab2002 0 2 6519 53047 1024 512 1.8958E-09                  
 zr/h.60t 90.436000 sab2002 0 2 6624 69775 1024 512 2.5301E-08                  
 zr/h.61t 90.436000 sab2002 0 2 6762 69775 1024 512 3.4470E-08                  
 zr/h.62t 90.436000 sab2002 0 2 6900 69775 1024 512 5.1704E-08                  
 zr/h.63t 90.436000 sab2002 0 2 7038 69775 1024 512 6.8939E-08                  
 zr/h.64t 90.436000 sab2002 0 2 7176 69775 1024 512 8.6174E-08                  
 zr/h.65t 90.436000 sab2002 0 2 7314 69775 1024 512 1.0341E-07 
 10001.01m      1.0 xsdata 0 1 1 20 0 0 0.0
 10002.01m      1.0 xsdata 0 1 19 20 0 0 0.0
 10003.01m      1.0 xsdata 0 1 37 20 0 0 0.0
           