// Hexagon Lattice  SHE DING : 2012-07-17 //
  
universe 0                                        
1   0    -1  Fill = 3             // core inside  
2   0    1   imp = 0              // core outside

universe 3  lat = 2, pitch = 11.43153533  11.43153533, scope = 13  13, sita = 60,  
1 1 1 1 1 1 1 1 1 1 1 1 1
1 2 2 2 2 2 2 1 1 1 1 1 1
1 2 2 2 2 2 2 2 1 1 1 1 1
1 2 2 2 2 2 2 2 2 1 1 1 1
1 2 2 2 2 2 2 2 2 2 1 1 1
1 2 2 2 2 2 2 2 2 2 2 1 1
1 2 2 2 2 2 2 2 2 2 2 2 1
1 1 2 2 2 2 2 2 2 2 2 2 1
1 1 1 2 2 2 2 2 2 2 2 2 1
1 1 1 1 2 2 2 2 2 2 2 2 1
1 1 1 1 1 2 2 2 2 2 2 2 1
1 1 1 1 1 1 2 2 2 2 2 2 1
1 1 1 1 1 1 1 1 1 1 1 1 1

universe 1  // water
3    2    -2                   
4    2    2                    


universe 2 origin = 5.715767  -9.9 0, rotate = 0 1 0 -1 0 0 0 0 1, 
           lat = 2, pitch = 1.10 1.10, scope = 13  13, sita = 60,  //// pin lattice
9 9 9 9 9 9 9 9 9 9 9 9 9
9 8 8 8 8 8 8 9 9 9 9 9 9
9 8 8 8 8 8 8 8 9 9 9 9 9
9 8 8 8 8 8 8 8 8 9 9 9 9
9 8 8 8 8 8 8 8 8 8 9 9 9
9 8 8 8 8 8 8 8 8 8 8 9 9
9 8 8 8 8 8 8 8 8 8 8 8 9
9 9 8 8 8 8 8 8 8 8 8 8 9
9 9 9 8 8 8 8 8 8 8 8 8 9
9 9 9 9 8 8 8 8 8 8 8 8 9
9 9 9 9 9 8 8 8 8 8 8 8 9
9 9 9 9 9 9 8 8 8 8 8 8 9
9 9 9 9 9 9 9 9 9 9 9 9 9


universe 8               
5    1    -2           // Fuel rod 
6    2    2            // Air   

universe 9  // water
7    2    -2                   
8    2    2           

surf    
*1   c/z  102.88 59.4 60.0
2    cz   0.35 

Mat   
m1    -10.196                   
      92235.30c   6.9100E-03    
      92238.30c   2.2062E-01    
      8016.30c    4.5510E-01    
m2    9.9977E-02
      1001.30c    6.6643E-02
      8016.30c    3.3334E-02
sabm2 lwtr.01t


kcode  1.0   1000  10  20
ksrc   point 102.88 59.4 0


tally type = 1 
      cell = 1 > 85 > 85 > 5