//// Burnup calculation of a small core. SHE Ding 2012-07-01 ////
UNIVERSE 0
CELL 1   -6 Fill = 9               // Assembly inside
CELL 2   6  void = 1               // Assembly outside

UNIVERSE 9  lat = 1  pitch = 21.42 21.42 1   scope = 9  9  1   fill =
  4 4 4 4 4 4 4 4 4
  4 4 4 3 3 3 4 4 4
  4 4 3 2 2 2 3 4 4
  4 3 2 1 1 1 2 3 4
  4 3 2 1 1 1 2 3 4
  4 3 2 1 1 1 2 3 4
  4 4 3 2 2 2 3 4 4
  4 4 4 3 3 3 4 4 4
  4 4 4 4 4 4 4 4 4

UNIVERSE 4 move = 0.63 0.63 0    // reflector
cell  3   -6  mat = 5
cell  4   6   mat = 5

///// 1.8% assembly
UNIVERSE 1  lat = 1  pitch = 1.26 1.26 1   scope = 17  17  1   fill =
  5 5 5 5 5 5 5 5 5 5 5 5 5 5 5 5 5
  5 5 5 5 5 5 5 5 5 5 5 5 5 5 5 5 5
  5 5 5 5 5 8 5 5 8 5 5 8 5 5 5 5 5
  5 5 5 8 5 5 5 5 5 5 5 5 5 8 5 5 5
  5 5 5 5 5 5 5 5 5 5 5 5 5 5 5 5 5
  5 5 8 5 5 8 5 5 8 5 5 8 5 5 8 5 5
  5 5 5 5 5 5 5 5 5 5 5 5 5 5 5 5 5
  5 5 5 5 5 5 5 5 5 5 5 5 5 5 5 5 5
  5 5 8 5 5 8 5 5 8 5 5 8 5 5 8 5 5
  5 5 5 5 5 5 5 5 5 5 5 5 5 5 5 5 5
  5 5 5 5 5 5 5 5 5 5 5 5 5 5 5 5 5
  5 5 8 5 5 8 5 5 8 5 5 8 5 5 8 5 5
  5 5 5 5 5 5 5 5 5 5 5 5 5 5 5 5 5
  5 5 5 8 5 5 5 5 5 5 5 5 5 8 5 5 5
  5 5 5 5 5 8 5 5 8 5 5 8 5 5 5 5 5
  5 5 5 5 5 5 5 5 5 5 5 5 5 5 5 5 5
  5 5 5 5 5 5 5 5 5 5 5 5 5 5 5 5 5

///// 2.4% assembly
UNIVERSE 2  lat = 1  pitch = 1.26 1.26 1    scope = 17  17  1   fill =
  6 6 6 6 6 6 6 6 6 6 6 6 6 6 6 6 6
  6 6 6 6 6 6 6 6 6 6 6 6 6 6 6 6 6
  6 6 6 6 6 8 6 6 8 6 6 8 6 6 6 6 6
  6 6 6 8 6 6 6 6 6 6 6 6 6 8 6 6 6
  6 6 6 6 6 6 6 6 6 6 6 6 6 6 6 6 6
  6 6 8 6 6 8 6 6 8 6 6 8 6 6 8 6 6
  6 6 6 6 6 6 6 6 6 6 6 6 6 6 6 6 6
  6 6 6 6 6 6 6 6 6 6 6 6 6 6 6 6 6
  6 6 8 6 6 8 6 6 8 6 6 8 6 6 8 6 6
  6 6 6 6 6 6 6 6 6 6 6 6 6 6 6 6 6
  6 6 6 6 6 6 6 6 6 6 6 6 6 6 6 6 6
  6 6 8 6 6 8 6 6 8 6 6 8 6 6 8 6 6
  6 6 6 6 6 6 6 6 6 6 6 6 6 6 6 6 6
  6 6 6 8 6 6 6 6 6 6 6 6 6 8 6 6 6
  6 6 6 6 6 8 6 6 8 6 6 8 6 6 6 6 6
  6 6 6 6 6 6 6 6 6 6 6 6 6 6 6 6 6
  6 6 6 6 6 6 6 6 6 6 6 6 6 6 6 6 6

///// 3.1% assembly
UNIVERSE 3  lat = 1  pitch = 1.26 1.26 1    scope = 17  17  1   fill =
  7 7 7 7 7 7 7 7 7 7 7 7 7 7 7 7 7
  7 7 7 7 7 7 7 7 7 7 7 7 7 7 7 7 7
  7 7 7 7 7 8 7 7 8 7 7 8 7 7 7 7 7
  7 7 7 8 7 7 7 7 7 7 7 7 7 8 7 7 7
  7 7 7 7 7 7 7 7 7 7 7 7 7 7 7 7 7
  7 7 8 7 7 8 7 7 8 7 7 8 7 7 8 7 7
  7 7 7 7 7 7 7 7 7 7 7 7 7 7 7 7 7
  7 7 7 7 7 7 7 7 7 7 7 7 7 7 7 7 7
  7 7 8 7 7 8 7 7 8 7 7 8 7 7 8 7 7
  7 7 7 7 7 7 7 7 7 7 7 7 7 7 7 7 7
  7 7 7 7 7 7 7 7 7 7 7 7 7 7 7 7 7
  7 7 8 7 7 8 7 7 8 7 7 8 7 7 8 7 7
  7 7 7 7 7 7 7 7 7 7 7 7 7 7 7 7 7
  7 7 7 8 7 7 7 7 7 7 7 7 7 8 7 7 7
  7 7 7 7 7 8 7 7 8 7 7 8 7 7 7 7 7
  7 7 7 7 7 7 7 7 7 7 7 7 7 7 7 7 7
  7 7 7 7 7 7 7 7 7 7 7 7 7 7 7 7 7

UNIVERSE 5 move = 0.63 0.63 0                      // 1.8% Fuel rod
cell  13   -1       mat = 11  inner = 1  tmp = 300 // Fuel
cell  14   1 & -2   mat = 3  inner = 1             // Air
cell  15   2 & -3   mat = 4  inner = 1             // Zr
cell  16   3        mat = 5                        // water

UNIVERSE 6 move = 0.63 0.63 0                      // 2.4% Fuel rod
cell  23   -1       mat = 21  inner = 1  tmp = 300 //3.1% Fuel
cell  24   1 & -2   mat = 3  inner = 1             // Air
cell  25   2 & -3   mat = 4  inner = 1             // Zr
cell  26   3        mat = 5                        // water

UNIVERSE 7 move = 0.63 0.63 0                      // Fuel rod
cell  33   -1       mat = 31  inner = 1  tmp = 300 // Fuel
cell  34   1 & -2   mat = 3  inner = 1             // Air
cell  35   2 & -3   mat = 4  inner = 1             // Zr
cell  36   3        mat = 5                        // water

UNIVERSE 8 move = 0.63 0.63 0                      // Guide tube
cell  7  -4       mat = 5   inner = 1              // water
cell  8  4 & -5   mat = 4   inner = 1              // Air
cell  9  5        mat = 5                          // water

SURFACE
surf  1  cz   0.4096
surf  2  cz   0.4178
surf  3  cz   0.4750
surf  4  cz   0.5690
surf  5  cz   0.6147
surf  6  c/z  96.39  96.39  85.68   bc = 1

MATERIAL
mat 11  -10.196
        8016.30c    -11.8542    92235.30c   -1.5866     92238.30c   -86.5592
        34079.30c   -1.0E-25    36083.30c   -1.0E-25    36085.30c   -1.0E-25
        38089.30c   -1.0E-25    38090.30c   -1.0E-25    39091.30c   -1.0E-25
        40093.30c   -1.0E-25    40094.30c   -1.0E-25    40095.30c   -1.0E-25
        40096.30c   -1.0E-25    42095.30c   -1.0E-25    42098.30c   -1.0E-25
        42099.30c   -1.0E-25    42100.30c   -1.0E-25    43099.30c   -1.0E-25
        44101.30c   -1.0E-25    44102.30c   -1.0E-25    44103.30c   -1.0E-25
        44105.30c   -1.0E-25    44106.30c   -1.0E-25    45103.30c   -1.0E-25
        45105.30c   -1.0E-25    47109.30c   -1.0E-25    47510.30c   -1.0E-25
        47111.30c   -1.0E-25    50126.30c   -1.0E-25    51125.30c   -1.0E-25
        51126.30c   -1.0E-25    52527.30c   -1.0E-25    52529.30c   -1.0E-25
        53127.30c   -1.0E-25    53129.30c   -1.0E-25    53131.30c   -1.0E-25
        53135.30c   -1.0E-25    54131.30c   -1.0E-25    54133.30c   -1.0E-25
        54134.30c   -1.0E-25    54135.30c   -1.0E-25    54136.30c   -1.0E-25
        55133.30c   -1.0E-25    55134.30c   -1.0E-25    55135.30c   -1.0E-25
        55136.30c   -1.0E-25    55137.30c   -1.0E-25    56138.30c   -1.0E-25
        56140.30c   -1.0E-25    57139.30c   -1.0E-25    57140.30c   -1.0E-25
        58141.30c   -1.0E-25    58142.30c   -1.0E-25    58143.30c   -1.0E-25
        58144.30c   -1.0E-25    59143.30c   -1.0E-25    60143.30c   -1.0E-25
        60144.30c   -1.0E-25    60145.30c   -1.0E-25    60147.30c   -1.0E-25
        60148.30c   -1.0E-25    61147.30c   -1.0E-25    61148.30c   -1.0E-25
        61548.30c   -1.0E-25    61149.30c   -1.0E-25    62147.30c   -1.0E-25
        62148.30c   -1.0E-25    62149.30c   -1.0E-25    62150.30c   -1.0E-25
        62151.30c   -1.0E-25    62152.30c   -1.0E-25    63153.30c   -1.0E-25
        63154.30c   -1.0E-25    63155.30c   -1.0E-25    63156.30c   -1.0E-25
        64155.30c   -1.0E-25    64157.30c   -1.0E-25    92234.30c   -1.0E-25
        92236.30c   -1.0E-25    92237.30c   -1.0E-25    92239.30c   -1.0E-25
        92240.30c   -1.0E-25    93236.30c   -1.0E-25    93237.30c   -1.0E-25
        93238.30c   -1.0E-25    93239.30c   -1.0E-25    94238.30c   -1.0E-25
        94239.30c   -1.0E-25    94240.30c   -1.0E-25    94241.30c   -1.0E-25
        94242.30c   -1.0E-25    94243.30c   -1.0E-25    94244.30c   -1.0E-25
        95241.30c   -1.0E-25    95242.30c   -1.0E-25    95642.30c   -1.0E-25
        95243.30c   -1.0E-25    95244.30c   -1.0E-25    96242.30c   -1.0E-25
        96243.30c   -1.0E-25    96244.30c   -1.0E-25    96245.30c   -1.0E-25
        96246.30c   -1.0E-25    96247.30c   -1.0E-25    96248.30c   -1.0E-25
        96249.30c   -1.0E-25    97249.30c   -1.0E-25    97250.30c   -1.0E-25
        98249.30c   -1.0E-25    98250.30c   -1.0E-25    98251.30c   -1.0E-25
        98252.30c   -1.0E-25
mat 21  -10.196
        8016.30c    -11.855     92235.30c   -2.1155     92238.30c   -86.0295
        34079.30c   -1.0E-25    36083.30c   -1.0E-25    36085.30c   -1.0E-25
        38089.30c   -1.0E-25    38090.30c   -1.0E-25    39091.30c   -1.0E-25
        40093.30c   -1.0E-25    40094.30c   -1.0E-25    40095.30c   -1.0E-25
        40096.30c   -1.0E-25    42095.30c   -1.0E-25    42098.30c   -1.0E-25
        42099.30c   -1.0E-25    42100.30c   -1.0E-25    43099.30c   -1.0E-25
        44101.30c   -1.0E-25    44102.30c   -1.0E-25    44103.30c   -1.0E-25
        44105.30c   -1.0E-25    44106.30c   -1.0E-25    45103.30c   -1.0E-25
        45105.30c   -1.0E-25    47109.30c   -1.0E-25    47510.30c   -1.0E-25
        47111.30c   -1.0E-25    50126.30c   -1.0E-25    51125.30c   -1.0E-25
        51126.30c   -1.0E-25    52527.30c   -1.0E-25    52529.30c   -1.0E-25
        53127.30c   -1.0E-25    53129.30c   -1.0E-25    53131.30c   -1.0E-25
        53135.30c   -1.0E-25    54131.30c   -1.0E-25    54133.30c   -1.0E-25
        54134.30c   -1.0E-25    54135.30c   -1.0E-25    54136.30c   -1.0E-25
        55133.30c   -1.0E-25    55134.30c   -1.0E-25    55135.30c   -1.0E-25
        55136.30c   -1.0E-25    55137.30c   -1.0E-25    56138.30c   -1.0E-25
        56140.30c   -1.0E-25    57139.30c   -1.0E-25    57140.30c   -1.0E-25
        58141.30c   -1.0E-25    58142.30c   -1.0E-25    58143.30c   -1.0E-25
        58144.30c   -1.0E-25    59143.30c   -1.0E-25    60143.30c   -1.0E-25
        60144.30c   -1.0E-25    60145.30c   -1.0E-25    60147.30c   -1.0E-25
        60148.30c   -1.0E-25    61147.30c   -1.0E-25    61148.30c   -1.0E-25
        61548.30c   -1.0E-25    61149.30c   -1.0E-25    62147.30c   -1.0E-25
        62148.30c   -1.0E-25    62149.30c   -1.0E-25    62150.30c   -1.0E-25
        62151.30c   -1.0E-25    62152.30c   -1.0E-25    63153.30c   -1.0E-25
        63154.30c   -1.0E-25    63155.30c   -1.0E-25    63156.30c   -1.0E-25
        64155.30c   -1.0E-25    64157.30c   -1.0E-25    92234.30c   -1.0E-25
        92236.30c   -1.0E-25    92237.30c   -1.0E-25    92239.30c   -1.0E-25
        92240.30c   -1.0E-25    93236.30c   -1.0E-25    93237.30c   -1.0E-25
        93238.30c   -1.0E-25    93239.30c   -1.0E-25    94238.30c   -1.0E-25
        94239.30c   -1.0E-25    94240.30c   -1.0E-25    94241.30c   -1.0E-25
        94242.30c   -1.0E-25    94243.30c   -1.0E-25    94244.30c   -1.0E-25
        95241.30c   -1.0E-25    95242.30c   -1.0E-25    95642.30c   -1.0E-25
        95243.30c   -1.0E-25    95244.30c   -1.0E-25    96242.30c   -1.0E-25
        96243.30c   -1.0E-25    96244.30c   -1.0E-25    96245.30c   -1.0E-25
        96246.30c   -1.0E-25    96247.30c   -1.0E-25    96248.30c   -1.0E-25
        96249.30c   -1.0E-25    97249.30c   -1.0E-25    97250.30c   -1.0E-25
        98249.30c   -1.0E-25    98250.30c   -1.0E-25    98251.30c   -1.0E-25
        98252.30c   -1.0E-25
mat 31  -10.196
        8016.30c    -11.856     92235.30c   -2.7325     92238.30c   -85.4115
        34079.30c   -1.0E-25    36083.30c   -1.0E-25    36085.30c   -1.0E-25
        38089.30c   -1.0E-25    38090.30c   -1.0E-25    39091.30c   -1.0E-25
        40093.30c   -1.0E-25    40094.30c   -1.0E-25    40095.30c   -1.0E-25
        40096.30c   -1.0E-25    42095.30c   -1.0E-25    42098.30c   -1.0E-25
        42099.30c   -1.0E-25    42100.30c   -1.0E-25    43099.30c   -1.0E-25
        44101.30c   -1.0E-25    44102.30c   -1.0E-25    44103.30c   -1.0E-25
        44105.30c   -1.0E-25    44106.30c   -1.0E-25    45103.30c   -1.0E-25
        45105.30c   -1.0E-25    47109.30c   -1.0E-25    47510.30c   -1.0E-25
        47111.30c   -1.0E-25    50126.30c   -1.0E-25    51125.30c   -1.0E-25
        51126.30c   -1.0E-25    52527.30c   -1.0E-25    52529.30c   -1.0E-25
        53127.30c   -1.0E-25    53129.30c   -1.0E-25    53131.30c   -1.0E-25
        53135.30c   -1.0E-25    54131.30c   -1.0E-25    54133.30c   -1.0E-25
        54134.30c   -1.0E-25    54135.30c   -1.0E-25    54136.30c   -1.0E-25
        55133.30c   -1.0E-25    55134.30c   -1.0E-25    55135.30c   -1.0E-25
        55136.30c   -1.0E-25    55137.30c   -1.0E-25    56138.30c   -1.0E-25
        56140.30c   -1.0E-25    57139.30c   -1.0E-25    57140.30c   -1.0E-25
        58141.30c   -1.0E-25    58142.30c   -1.0E-25    58143.30c   -1.0E-25
        58144.30c   -1.0E-25    59143.30c   -1.0E-25    60143.30c   -1.0E-25
        60144.30c   -1.0E-25    60145.30c   -1.0E-25    60147.30c   -1.0E-25
        60148.30c   -1.0E-25    61147.30c   -1.0E-25    61148.30c   -1.0E-25
        61548.30c   -1.0E-25    61149.30c   -1.0E-25    62147.30c   -1.0E-25
        62148.30c   -1.0E-25    62149.30c   -1.0E-25    62150.30c   -1.0E-25
        62151.30c   -1.0E-25    62152.30c   -1.0E-25    63153.30c   -1.0E-25
        63154.30c   -1.0E-25    63155.30c   -1.0E-25    63156.30c   -1.0E-25
        64155.30c   -1.0E-25    64157.30c   -1.0E-25    92234.30c   -1.0E-25
        92236.30c   -1.0E-25    92237.30c   -1.0E-25    92239.30c   -1.0E-25
        92240.30c   -1.0E-25    93236.30c   -1.0E-25    93237.30c   -1.0E-25
        93238.30c   -1.0E-25    93239.30c   -1.0E-25    94238.30c   -1.0E-25
        94239.30c   -1.0E-25    94240.30c   -1.0E-25    94241.30c   -1.0E-25
        94242.30c   -1.0E-25    94243.30c   -1.0E-25    94244.30c   -1.0E-25
        95241.30c   -1.0E-25    95242.30c   -1.0E-25    95642.30c   -1.0E-25
        95243.30c   -1.0E-25    95244.30c   -1.0E-25    96242.30c   -1.0E-25
        96243.30c   -1.0E-25    96244.30c   -1.0E-25    96245.30c   -1.0E-25
        96246.30c   -1.0E-25    96247.30c   -1.0E-25    96248.30c   -1.0E-25
        96249.30c   -1.0E-25    97249.30c   -1.0E-25    97250.30c   -1.0E-25
        98249.30c   -1.0E-25    98250.30c   -1.0E-25    98251.30c   -1.0E-25
        98252.30c   -1.0E-25
mat 3   -0.001
        8016.30c    3.76622E-5
mat 4   -6.550
        40000.60c   -98.2
mat 5   9.9977E-02
        1001.30c    6.6643E-02
        8016.30c    3.3334E-02
sab 5   lwtr.60t

CRITICALITY
PowerIter   population = 100000  150 250
InitSrc Cyl/z = 96.39  96.39  85.68 -10 10

BURNUP
BurnCell    13  23 33
TimeStep    3.333333 13.333333  16.666667  33.333333*39
Power       30*42
Substep     10
Inherent    0.9999
AceLib      .30c
Strategy    0
Parallel    1
Solver      2
outputcell  1 > 41 > 1 > 13
            1 > 41 > 17 > 13
            1 > 41 > 273 > 13
            1 > 41 > 289 > 13

print
mat 0
CsTally 0
