// STANDARD WESTINGHOUSE 17*17 ASSEMBLY MODEL.  SHE DING : 2012-03-08 //
  
universe 0                                        
1   0    6 & -7 & 8 & -9  Fill = 6            // Assembly inside  
2   0    -6 : 7 : -8 : 9  imp = 0             // Assembly outside

universe 6  origin = 0 0 0 ,  rotate = 0 1 0 0 0 1 1 0 0  ,  lat = 1 , pitch = 21.42 1 21.42  , scope = 5  1  5 
8 8 8 8 8
8 8 8 8 8
8 8 8 8 8
8 8 8 8 8
8 8 8 8 8

universe 8 origin = 0 0 0 , lat = 1 , pitch = 1.26 1  1.26 , scope =  17  1 17  
1 1 1 1 1 1 1 1 1 1 1 1 1 1 1 1 1
1 1 1 1 1 1 1 1 1 1 1 1 1 1 1 1 1
1 1 1 1 1 3 1 1 3 1 1 3 1 1 1 1 1
1 1 1 3 1 1 1 1 1 1 1 1 1 3 1 1 1
1 1 1 1 1 1 1 1 1 1 1 1 1 1 1 1 1
1 1 3 1 1 3 1 1 3 1 1 3 1 1 3 1 1
1 1 1 1 1 1 1 1 1 1 1 1 1 1 1 1 1
1 1 1 1 1 1 1 1 1 1 1 1 1 1 1 1 1
1 1 3 1 1 3 1 1 3 1 1 3 1 1 3 1 1
1 1 1 1 1 1 1 1 1 1 1 1 1 1 1 1 1
1 1 1 1 1 1 1 1 1 1 1 1 1 1 1 1 1
1 1 3 1 1 3 1 1 3 1 1 3 1 1 3 1 1
1 1 1 1 1 1 1 1 1 1 1 1 1 1 1 1 1
1 1 1 3 1 1 1 1 1 1 1 1 1 3 1 1 1
1 1 1 1 1 3 1 1 3 1 1 3 1 1 1 1 1
1 1 1 1 1 1 1 1 1 1 1 1 1 1 1 1 1
1 1 1 1 1 1 1 1 1 1 1 1 1 1 1 1 1
 

universe 1 origin = 0.63 0 0.63          // Fuel rod 
3    1    -1                       inner       // Fuel 
4    3    1 & -2                   inner       // Air   
5    4    2 & -3                   inner       // Zr       
6    5    3                                     // water

universe 3 origin = 0.63 0 0.63          // Guide tube 
11   5    -4                       inner       // water 
12   4    4 & -5                   inner       // Air        
13   5    5                                     // water

surf    
1    cy   0.4096 
2    cy   0.4178 
3    cy   0.4750 
4    cy   0.5690 
5    cy   0.6147
*6   px   0 
*7   px   107.1
*8   py   0
*9   py   107.1

Mat   
m1    -10.196                   
      92235.30c   6.9100E-03    
      92238.30c   2.2062E-01    
      8016.30c    4.5510E-01    
m3    -0.001
      8016.30c    3.76622E-5
m4    -6.550
      40000.60c  -98.2
m5    9.9977E-02
      1001.30c    6.6643E-02
      8016.30c    3.3334E-02


kcode  1.0   5000  10  20
ksrc point 0.63  0.63 0 
 